{
 "cells": [
  {
   "cell_type": "code",
   "execution_count": 1,
   "id": "ba86fdca",
   "metadata": {},
   "outputs": [
    {
     "name": "stderr",
     "output_type": "stream",
     "text": [
      "Using cache found in /home/zihao/.cache/torch/hub/chenyaofo_pytorch-cifar-models_master\n"
     ]
    }
   ],
   "source": [
    "import torch,torchvision,os,pyhessian,time\n",
    "import torchvision.transforms as transforms\n",
    "import numpy as np\n",
    "import pyhessian\n",
    "from utils.util import get_loader,evaluate\n",
    "from utils.layer import qConv2d,qLinear\n",
    "from utils.train import QAVAT_train\n",
    "import os\n",
    "import matplotlib.pyplot as plt\n",
    "\n",
    "os.environ['CUDA_LAUNCH_BLOCKING'] = '1'\n",
    "\n",
    "model = torch.hub.load(\"chenyaofo/pytorch-cifar-models\", \"cifar10_resnet20\", pretrained=True).cuda()"
   ]
  },
  {
   "cell_type": "code",
   "execution_count": 2,
   "id": "53657ce1",
   "metadata": {},
   "outputs": [
    {
     "name": "stdout",
     "output_type": "stream",
     "text": [
      "Files already downloaded and verified\n",
      "Files already downloaded and verified\n"
     ]
    }
   ],
   "source": [
    "train,test = get_loader('cifar10'.upper(),batch_size=256,test_batch_size=256)\n",
    "train.num_workers = 4\n",
    "test.num_workers = 4\n",
    "train.pin_in_memory = True\n",
    "test.pin_in_memory = True"
   ]
  },
  {
   "cell_type": "code",
   "execution_count": 3,
   "id": "13c71366",
   "metadata": {},
   "outputs": [],
   "source": [
    "import torchvision.models as models                           # for example model\n",
    "from mqbench.prepare_by_platform import prepare_by_platform   # add quant nodes for specific Backend\n",
    "from mqbench.prepare_by_platform import BackendType           # contain various Backend, like TensorRT, NNIE, etc.\n",
    "from mqbench.utils.state import enable_calibration            # turn on calibration algorithm, determine scale, zero_point, etc.\n",
    "from mqbench.utils.state import enable_quantization           # turn on actually quantization, like FP32 -> INT8\n",
    "from mqbench.convert_deploy import convert_deploy             # remove quant nodes for deploy\n",
    "from mqbench.advanced_ptq import ptq_reconstruction\n",
    "\n",
    "from copy import deepcopy\n",
    "model.eval()\n",
    "mqb_model = deepcopy(model)\n",
    "torch_fp_model = deepcopy(model)\n",
    "torch_quantized_model = deepcopy(model)\n",
    "torch_perturb_model = deepcopy(model)\n",
    "model = None"
   ]
  },
  {
   "cell_type": "code",
   "execution_count": 4,
   "id": "b007f436",
   "metadata": {},
   "outputs": [],
   "source": [
    "# MSE calibration on model parameters\n",
    "backend = BackendType.Academic\n",
    "extra_config = {\n",
    "    'extra_qconfig_dict': {\n",
    "        'w_observer': 'MSEObserver',                              # custom weight observer\n",
    "        'a_observer': 'EMAMSEObserver',                              # custom activation observer\n",
    "        'w_fakequantize': 'FixedFakeQuantize',                    # custom weight fake quantize function\n",
    "        'a_fakequantize': 'FixedFakeQuantize',                    # custom activation fake quantize function\n",
    "        'w_qscheme': {\n",
    "            'bit': 4,                                             # custom bitwidth for weight,\n",
    "            'symmetry': True,                                    # custom whether quant is symmetric for weight,\n",
    "            'per_channel': False,                                  # custom whether quant is per-channel or per-tensor for weight,\n",
    "            'pot_scale': False,                                   # custom whether scale is power of two for weight.\n",
    "        },\n",
    "        'a_qscheme': {\n",
    "            'bit': 8,                                             # custom bitwidth for activation,\n",
    "            'symmetry': False,                                    # custom whether quant is symmetric for activation,\n",
    "            'per_channel': False,                                  # custom whether quant is per-channel or per-tensor for activation,\n",
    "            'pot_scale': False,                                   # custom whether scale is power of two for activation.\n",
    "        }\n",
    "    }                                                         # custom tracer behavior, checkout https://github.com/pytorch/pytorch/blob/efcbbb177eacdacda80b94ad4ce34b9ed6cf687a/torch/fx/_symbolic_trace.py#L836\n",
    "}"
   ]
  },
  {
   "cell_type": "code",
   "execution_count": 5,
   "id": "73e67b39",
   "metadata": {
    "scrolled": true
   },
   "outputs": [
    {
     "name": "stdout",
     "output_type": "stream",
     "text": [
      "[MQBENCH] INFO: Quantize model Scheme: BackendType.Academic Mode: Eval\n",
      "[MQBENCH] INFO: Weight Qconfig:\n",
      "    FakeQuantize: FixedFakeQuantize Params: {}\n",
      "    Oberver:      MSEObserver Params: Symmetric: True / Bitwidth: 4 / Per channel: False / Pot scale: False / Extra kwargs: {}\n",
      "[MQBENCH] INFO: Activation Qconfig:\n",
      "    FakeQuantize: FixedFakeQuantize Params: {}\n",
      "    Oberver:      EMAMSEObserver Params: Symmetric: False / Bitwidth: 8 / Per channel: False / Pot scale: False / Extra kwargs: {}\n",
      "[MQBENCH] INFO: Replace module to qat module.\n",
      "[MQBENCH] INFO: Set layer conv1 to 8 bit.\n",
      "[MQBENCH] INFO: Set layer fc to 8 bit.\n",
      "[MQBENCH] INFO: Set x post act quantize to 8 bit.\n",
      "[MQBENCH] INFO: Insert act quant x_post_act_fake_quantizer\n",
      "[MQBENCH] INFO: Insert act quant relu_post_act_fake_quantizer\n",
      "[MQBENCH] INFO: Insert act quant layer1_0_relu_post_act_fake_quantizer\n",
      "[MQBENCH] INFO: Insert act quant layer1_0_relu_1_post_act_fake_quantizer\n",
      "[MQBENCH] INFO: Insert act quant layer1_1_relu_post_act_fake_quantizer\n",
      "[MQBENCH] INFO: Insert act quant layer1_1_relu_1_post_act_fake_quantizer\n",
      "[MQBENCH] INFO: Insert act quant layer1_2_relu_post_act_fake_quantizer\n",
      "[MQBENCH] INFO: Insert act quant layer1_2_relu_1_post_act_fake_quantizer\n",
      "[MQBENCH] INFO: Insert act quant layer2_0_relu_post_act_fake_quantizer\n",
      "[MQBENCH] INFO: Insert act quant layer2_0_relu_1_post_act_fake_quantizer\n",
      "[MQBENCH] INFO: Insert act quant layer2_1_relu_post_act_fake_quantizer\n",
      "[MQBENCH] INFO: Insert act quant layer2_1_relu_1_post_act_fake_quantizer\n",
      "[MQBENCH] INFO: Insert act quant layer2_2_relu_post_act_fake_quantizer\n",
      "[MQBENCH] INFO: Insert act quant layer2_2_relu_1_post_act_fake_quantizer\n",
      "[MQBENCH] INFO: Insert act quant layer3_0_relu_post_act_fake_quantizer\n",
      "[MQBENCH] INFO: Insert act quant layer3_0_relu_1_post_act_fake_quantizer\n",
      "[MQBENCH] INFO: Insert act quant layer3_1_relu_post_act_fake_quantizer\n",
      "[MQBENCH] INFO: Insert act quant layer3_1_relu_1_post_act_fake_quantizer\n",
      "[MQBENCH] INFO: Insert act quant layer3_2_relu_post_act_fake_quantizer\n",
      "[MQBENCH] INFO: Set view post act quantize to 8 bit.\n",
      "[MQBENCH] INFO: Insert act quant view_post_act_fake_quantizer\n"
     ]
    }
   ],
   "source": [
    "mqb_model = prepare_by_platform(mqb_model, backend,extra_config).cuda()"
   ]
  },
  {
   "cell_type": "code",
   "execution_count": 6,
   "id": "11fa42da",
   "metadata": {},
   "outputs": [
    {
     "name": "stdout",
     "output_type": "stream",
     "text": [
      "[MQBENCH] INFO: Enable observer and Disable quantize.\n"
     ]
    }
   ],
   "source": [
    "# calibration loop\n",
    "enable_calibration(mqb_model)\n",
    "for i, batch in enumerate(train):\n",
    "    \n",
    "    mqb_model(batch[0].cuda())\n",
    "    \n",
    "    if i == 3: break # use the first 4 batches (1024 samples) to do calibration   "
   ]
  },
  {
   "cell_type": "code",
   "execution_count": 7,
   "id": "84d500a6",
   "metadata": {},
   "outputs": [
    {
     "name": "stdout",
     "output_type": "stream",
     "text": [
      "[MQBENCH] INFO: Disable observer and Enable quantize.\n"
     ]
    },
    {
     "data": {
      "text/plain": [
       "{'mean_acc': 0.8833,\n",
       " 'qtl_acc': 0.8833,\n",
       " 'mean_loss': 0.43942759484052657,\n",
       " 'qtl_loss': 0.43942759484052657,\n",
       " 'test time': 0.8666608333587646,\n",
       " 'acc_list': array([0.8833]),\n",
       " 'loss_list': array([0.43942759])}"
      ]
     },
     "execution_count": 7,
     "metadata": {},
     "output_type": "execute_result"
    }
   ],
   "source": [
    "# evaluation loop\n",
    "from mqbench.utils.state import disable_all\n",
    "enable_quantization(mqb_model)\n",
    "# disable_all(mqb_model)\n",
    "evaluate(test,mqb_model)"
   ]
  },
  {
   "cell_type": "code",
   "execution_count": 8,
   "id": "99e0c6c9",
   "metadata": {
    "scrolled": true
   },
   "outputs": [
    {
     "name": "stdout",
     "output_type": "stream",
     "text": [
      "loading quantized weight for layer conv1\n",
      "loading quantized weight for layer fc\n",
      "loading quantized weight for layer layer1.0.conv1\n",
      "loading quantized weight for layer layer1.0.conv2\n",
      "loading quantized weight for layer layer1.1.conv1\n",
      "loading quantized weight for layer layer1.1.conv2\n",
      "loading quantized weight for layer layer1.2.conv1\n",
      "loading quantized weight for layer layer1.2.conv2\n",
      "loading quantized weight for layer layer2.0.conv1\n",
      "loading quantized weight for layer layer2.0.conv2\n",
      "loading quantized weight for layer layer2.0.downsample.0\n",
      "loading quantized weight for layer layer2.1.conv1\n",
      "loading quantized weight for layer layer2.1.conv2\n",
      "loading quantized weight for layer layer2.2.conv1\n",
      "loading quantized weight for layer layer2.2.conv2\n",
      "loading quantized weight for layer layer3.0.conv1\n",
      "loading quantized weight for layer layer3.0.conv2\n",
      "loading quantized weight for layer layer3.0.downsample.0\n",
      "loading quantized weight for layer layer3.1.conv1\n",
      "loading quantized weight for layer layer3.1.conv2\n",
      "loading quantized weight for layer layer3.2.conv1\n",
      "loading quantized weight for layer layer3.2.conv2\n"
     ]
    }
   ],
   "source": [
    "def getModuleByName(modelName,moduleName):\n",
    "    '''\n",
    "        replace module with name modelName.moduleName with newModule\n",
    "    '''\n",
    "    tokens = moduleName.split('.')\n",
    "    eval_str = modelName\n",
    "    for token in tokens:\n",
    "        try:\n",
    "            eval_str += f'[{int(token)}]'\n",
    "        except:\n",
    "            eval_str += f'.{token}'\n",
    "            \n",
    "    return eval(eval_str)\n",
    "    \n",
    "for n,m in mqb_model.named_modules():\n",
    "    if isinstance(m,torch.nn.Linear) or isinstance(m,torch.nn.Conv2d):\n",
    "        print('loading quantized weight for layer',n)\n",
    "        torch_module = getModuleByName('torch_quantized_model',n)\n",
    "        torch_module.weight.data = m.weight_fake_quant(m.weight).data"
   ]
  },
  {
   "cell_type": "code",
   "execution_count": 9,
   "id": "9c08c97b",
   "metadata": {},
   "outputs": [
    {
     "data": {
      "text/plain": [
       "{'mean_acc': 0.926,\n",
       " 'qtl_acc': 0.926,\n",
       " 'mean_loss': 0.28646136410534384,\n",
       " 'qtl_loss': 0.28646136410534384,\n",
       " 'test time': 0.6562838554382324,\n",
       " 'acc_list': array([0.926]),\n",
       " 'loss_list': array([0.28646136])}"
      ]
     },
     "execution_count": 9,
     "metadata": {},
     "output_type": "execute_result"
    }
   ],
   "source": [
    "evaluate(test,torch_perturb_model) "
   ]
  },
  {
   "cell_type": "code",
   "execution_count": 10,
   "id": "33768cf0",
   "metadata": {},
   "outputs": [],
   "source": [
    "mqb_model = None"
   ]
  },
  {
   "cell_type": "markdown",
   "id": "8846ea48",
   "metadata": {},
   "source": [
    "## FeintLady"
   ]
  },
  {
   "cell_type": "code",
   "execution_count": 11,
   "id": "2f9cd5ee",
   "metadata": {},
   "outputs": [],
   "source": [
    "from collections import OrderedDict\n",
    "# 1. record all modules we want to consider\n",
    "layers_to_quant = OrderedDict() # layer_name:[torch_fp_module,torch_q_module,torch_p_module]\n",
    "types_to_quant = (torch.nn.Conv2d,torch.nn.Linear)\n",
    "\n",
    "for n,m in torch_fp_model.named_modules():\n",
    "    if isinstance(m,types_to_quant):\n",
    "        layers_to_quant[n] = [m,]\n",
    "        \n",
    "for n,m in torch_quantized_model.named_modules():\n",
    "    if isinstance(m,types_to_quant):\n",
    "        layers_to_quant[n].append(m)\n",
    "\n",
    "for n,m in torch_perturb_model.named_modules():\n",
    "    if isinstance(m,types_to_quant):\n",
    "        layers_to_quant[n].append(m)"
   ]
  },
  {
   "cell_type": "code",
   "execution_count": 12,
   "id": "884ab144",
   "metadata": {},
   "outputs": [],
   "source": [
    "res = evaluate(test,torch_perturb_model)\n",
    "ref_metric = ('mean_loss',res['mean_loss'])"
   ]
  },
  {
   "cell_type": "code",
   "execution_count": 13,
   "id": "a145393e",
   "metadata": {},
   "outputs": [],
   "source": [
    "def perturb_loss(perturb_names,ref_metric):\n",
    "    with torch.no_grad():\n",
    "        # perturb layers\n",
    "        for n in perturb_names:\n",
    "            layers_to_quant[n][2].weight.data = layers_to_quant[n][1].weight.data\n",
    "        # do evaluation\n",
    "        res = evaluate(test,torch_perturb_model)\n",
    "        perturbed_loss = res[ref_metric[0]] - ref_metric[1]\n",
    "#         print(res)\n",
    "        # recover layers\n",
    "        for n in perturb_names:\n",
    "            layers_to_quant[n][2].weight.data = layers_to_quant[n][0].weight.data\n",
    "    return perturbed_loss"
   ]
  },
  {
   "cell_type": "code",
   "execution_count": 14,
   "id": "8a66f11d",
   "metadata": {
    "scrolled": true
   },
   "outputs": [
    {
     "name": "stdout",
     "output_type": "stream",
     "text": [
      "perturb layer conv1\n",
      "perturb layer conv1 layer1.0.conv1\n",
      "perturb layer conv1 layer1.0.conv2\n",
      "perturb layer conv1 layer1.1.conv1\n",
      "perturb layer conv1 layer1.1.conv2\n",
      "perturb layer conv1 layer1.2.conv1\n",
      "perturb layer conv1 layer1.2.conv2\n",
      "perturb layer conv1 layer2.0.conv1\n",
      "perturb layer conv1 layer2.0.conv2\n",
      "perturb layer conv1 layer2.0.downsample.0\n",
      "perturb layer conv1 layer2.1.conv1\n",
      "perturb layer conv1 layer2.1.conv2\n",
      "perturb layer conv1 layer2.2.conv1\n",
      "perturb layer conv1 layer2.2.conv2\n",
      "perturb layer conv1 layer3.0.conv1\n",
      "perturb layer conv1 layer3.0.conv2\n",
      "perturb layer conv1 layer3.0.downsample.0\n",
      "perturb layer conv1 layer3.1.conv1\n",
      "perturb layer conv1 layer3.1.conv2\n",
      "perturb layer conv1 layer3.2.conv1\n",
      "perturb layer conv1 layer3.2.conv2\n",
      "perturb layer conv1 fc\n",
      "perturb layer layer1.0.conv1\n",
      "perturb layer layer1.0.conv1 layer1.0.conv2\n",
      "perturb layer layer1.0.conv1 layer1.1.conv1\n",
      "perturb layer layer1.0.conv1 layer1.1.conv2\n",
      "perturb layer layer1.0.conv1 layer1.2.conv1\n",
      "perturb layer layer1.0.conv1 layer1.2.conv2\n",
      "perturb layer layer1.0.conv1 layer2.0.conv1\n",
      "perturb layer layer1.0.conv1 layer2.0.conv2\n",
      "perturb layer layer1.0.conv1 layer2.0.downsample.0\n",
      "perturb layer layer1.0.conv1 layer2.1.conv1\n",
      "perturb layer layer1.0.conv1 layer2.1.conv2\n",
      "perturb layer layer1.0.conv1 layer2.2.conv1\n",
      "perturb layer layer1.0.conv1 layer2.2.conv2\n",
      "perturb layer layer1.0.conv1 layer3.0.conv1\n",
      "perturb layer layer1.0.conv1 layer3.0.conv2\n",
      "perturb layer layer1.0.conv1 layer3.0.downsample.0\n",
      "perturb layer layer1.0.conv1 layer3.1.conv1\n",
      "perturb layer layer1.0.conv1 layer3.1.conv2\n",
      "perturb layer layer1.0.conv1 layer3.2.conv1\n",
      "perturb layer layer1.0.conv1 layer3.2.conv2\n",
      "perturb layer layer1.0.conv1 fc\n",
      "perturb layer layer1.0.conv2\n",
      "perturb layer layer1.0.conv2 layer1.1.conv1\n",
      "perturb layer layer1.0.conv2 layer1.1.conv2\n",
      "perturb layer layer1.0.conv2 layer1.2.conv1\n",
      "perturb layer layer1.0.conv2 layer1.2.conv2\n",
      "perturb layer layer1.0.conv2 layer2.0.conv1\n",
      "perturb layer layer1.0.conv2 layer2.0.conv2\n",
      "perturb layer layer1.0.conv2 layer2.0.downsample.0\n",
      "perturb layer layer1.0.conv2 layer2.1.conv1\n",
      "perturb layer layer1.0.conv2 layer2.1.conv2\n",
      "perturb layer layer1.0.conv2 layer2.2.conv1\n",
      "perturb layer layer1.0.conv2 layer2.2.conv2\n",
      "perturb layer layer1.0.conv2 layer3.0.conv1\n",
      "perturb layer layer1.0.conv2 layer3.0.conv2\n",
      "perturb layer layer1.0.conv2 layer3.0.downsample.0\n",
      "perturb layer layer1.0.conv2 layer3.1.conv1\n",
      "perturb layer layer1.0.conv2 layer3.1.conv2\n",
      "perturb layer layer1.0.conv2 layer3.2.conv1\n",
      "perturb layer layer1.0.conv2 layer3.2.conv2\n",
      "perturb layer layer1.0.conv2 fc\n",
      "perturb layer layer1.1.conv1\n",
      "perturb layer layer1.1.conv1 layer1.1.conv2\n",
      "perturb layer layer1.1.conv1 layer1.2.conv1\n",
      "perturb layer layer1.1.conv1 layer1.2.conv2\n",
      "perturb layer layer1.1.conv1 layer2.0.conv1\n",
      "perturb layer layer1.1.conv1 layer2.0.conv2\n",
      "perturb layer layer1.1.conv1 layer2.0.downsample.0\n",
      "perturb layer layer1.1.conv1 layer2.1.conv1\n",
      "perturb layer layer1.1.conv1 layer2.1.conv2\n",
      "perturb layer layer1.1.conv1 layer2.2.conv1\n",
      "perturb layer layer1.1.conv1 layer2.2.conv2\n",
      "perturb layer layer1.1.conv1 layer3.0.conv1\n",
      "perturb layer layer1.1.conv1 layer3.0.conv2\n",
      "perturb layer layer1.1.conv1 layer3.0.downsample.0\n",
      "perturb layer layer1.1.conv1 layer3.1.conv1\n",
      "perturb layer layer1.1.conv1 layer3.1.conv2\n",
      "perturb layer layer1.1.conv1 layer3.2.conv1\n",
      "perturb layer layer1.1.conv1 layer3.2.conv2\n",
      "perturb layer layer1.1.conv1 fc\n",
      "perturb layer layer1.1.conv2\n",
      "perturb layer layer1.1.conv2 layer1.2.conv1\n",
      "perturb layer layer1.1.conv2 layer1.2.conv2\n",
      "perturb layer layer1.1.conv2 layer2.0.conv1\n",
      "perturb layer layer1.1.conv2 layer2.0.conv2\n",
      "perturb layer layer1.1.conv2 layer2.0.downsample.0\n",
      "perturb layer layer1.1.conv2 layer2.1.conv1\n",
      "perturb layer layer1.1.conv2 layer2.1.conv2\n",
      "perturb layer layer1.1.conv2 layer2.2.conv1\n",
      "perturb layer layer1.1.conv2 layer2.2.conv2\n",
      "perturb layer layer1.1.conv2 layer3.0.conv1\n",
      "perturb layer layer1.1.conv2 layer3.0.conv2\n",
      "perturb layer layer1.1.conv2 layer3.0.downsample.0\n",
      "perturb layer layer1.1.conv2 layer3.1.conv1\n",
      "perturb layer layer1.1.conv2 layer3.1.conv2\n",
      "perturb layer layer1.1.conv2 layer3.2.conv1\n",
      "perturb layer layer1.1.conv2 layer3.2.conv2\n",
      "perturb layer layer1.1.conv2 fc\n",
      "perturb layer layer1.2.conv1\n",
      "perturb layer layer1.2.conv1 layer1.2.conv2\n",
      "perturb layer layer1.2.conv1 layer2.0.conv1\n",
      "perturb layer layer1.2.conv1 layer2.0.conv2\n",
      "perturb layer layer1.2.conv1 layer2.0.downsample.0\n",
      "perturb layer layer1.2.conv1 layer2.1.conv1\n",
      "perturb layer layer1.2.conv1 layer2.1.conv2\n",
      "perturb layer layer1.2.conv1 layer2.2.conv1\n",
      "perturb layer layer1.2.conv1 layer2.2.conv2\n",
      "perturb layer layer1.2.conv1 layer3.0.conv1\n",
      "perturb layer layer1.2.conv1 layer3.0.conv2\n",
      "perturb layer layer1.2.conv1 layer3.0.downsample.0\n",
      "perturb layer layer1.2.conv1 layer3.1.conv1\n",
      "perturb layer layer1.2.conv1 layer3.1.conv2\n",
      "perturb layer layer1.2.conv1 layer3.2.conv1\n",
      "perturb layer layer1.2.conv1 layer3.2.conv2\n",
      "perturb layer layer1.2.conv1 fc\n",
      "perturb layer layer1.2.conv2\n",
      "perturb layer layer1.2.conv2 layer2.0.conv1\n",
      "perturb layer layer1.2.conv2 layer2.0.conv2\n",
      "perturb layer layer1.2.conv2 layer2.0.downsample.0\n",
      "perturb layer layer1.2.conv2 layer2.1.conv1\n",
      "perturb layer layer1.2.conv2 layer2.1.conv2\n",
      "perturb layer layer1.2.conv2 layer2.2.conv1\n",
      "perturb layer layer1.2.conv2 layer2.2.conv2\n",
      "perturb layer layer1.2.conv2 layer3.0.conv1\n",
      "perturb layer layer1.2.conv2 layer3.0.conv2\n",
      "perturb layer layer1.2.conv2 layer3.0.downsample.0\n",
      "perturb layer layer1.2.conv2 layer3.1.conv1\n",
      "perturb layer layer1.2.conv2 layer3.1.conv2\n",
      "perturb layer layer1.2.conv2 layer3.2.conv1\n",
      "perturb layer layer1.2.conv2 layer3.2.conv2\n",
      "perturb layer layer1.2.conv2 fc\n",
      "perturb layer layer2.0.conv1\n",
      "perturb layer layer2.0.conv1 layer2.0.conv2\n",
      "perturb layer layer2.0.conv1 layer2.0.downsample.0\n",
      "perturb layer layer2.0.conv1 layer2.1.conv1\n",
      "perturb layer layer2.0.conv1 layer2.1.conv2\n",
      "perturb layer layer2.0.conv1 layer2.2.conv1\n",
      "perturb layer layer2.0.conv1 layer2.2.conv2\n",
      "perturb layer layer2.0.conv1 layer3.0.conv1\n",
      "perturb layer layer2.0.conv1 layer3.0.conv2\n",
      "perturb layer layer2.0.conv1 layer3.0.downsample.0\n",
      "perturb layer layer2.0.conv1 layer3.1.conv1\n",
      "perturb layer layer2.0.conv1 layer3.1.conv2\n",
      "perturb layer layer2.0.conv1 layer3.2.conv1\n",
      "perturb layer layer2.0.conv1 layer3.2.conv2\n",
      "perturb layer layer2.0.conv1 fc\n",
      "perturb layer layer2.0.conv2\n",
      "perturb layer layer2.0.conv2 layer2.0.downsample.0\n",
      "perturb layer layer2.0.conv2 layer2.1.conv1\n",
      "perturb layer layer2.0.conv2 layer2.1.conv2\n",
      "perturb layer layer2.0.conv2 layer2.2.conv1\n",
      "perturb layer layer2.0.conv2 layer2.2.conv2\n",
      "perturb layer layer2.0.conv2 layer3.0.conv1\n",
      "perturb layer layer2.0.conv2 layer3.0.conv2\n",
      "perturb layer layer2.0.conv2 layer3.0.downsample.0\n",
      "perturb layer layer2.0.conv2 layer3.1.conv1\n",
      "perturb layer layer2.0.conv2 layer3.1.conv2\n",
      "perturb layer layer2.0.conv2 layer3.2.conv1\n",
      "perturb layer layer2.0.conv2 layer3.2.conv2\n",
      "perturb layer layer2.0.conv2 fc\n",
      "perturb layer layer2.0.downsample.0\n",
      "perturb layer layer2.0.downsample.0 layer2.1.conv1\n",
      "perturb layer layer2.0.downsample.0 layer2.1.conv2\n",
      "perturb layer layer2.0.downsample.0 layer2.2.conv1\n",
      "perturb layer layer2.0.downsample.0 layer2.2.conv2\n",
      "perturb layer layer2.0.downsample.0 layer3.0.conv1\n",
      "perturb layer layer2.0.downsample.0 layer3.0.conv2\n",
      "perturb layer layer2.0.downsample.0 layer3.0.downsample.0\n",
      "perturb layer layer2.0.downsample.0 layer3.1.conv1\n",
      "perturb layer layer2.0.downsample.0 layer3.1.conv2\n",
      "perturb layer layer2.0.downsample.0 layer3.2.conv1\n",
      "perturb layer layer2.0.downsample.0 layer3.2.conv2\n",
      "perturb layer layer2.0.downsample.0 fc\n",
      "perturb layer layer2.1.conv1\n",
      "perturb layer layer2.1.conv1 layer2.1.conv2\n",
      "perturb layer layer2.1.conv1 layer2.2.conv1\n",
      "perturb layer layer2.1.conv1 layer2.2.conv2\n",
      "perturb layer layer2.1.conv1 layer3.0.conv1\n",
      "perturb layer layer2.1.conv1 layer3.0.conv2\n",
      "perturb layer layer2.1.conv1 layer3.0.downsample.0\n",
      "perturb layer layer2.1.conv1 layer3.1.conv1\n",
      "perturb layer layer2.1.conv1 layer3.1.conv2\n",
      "perturb layer layer2.1.conv1 layer3.2.conv1\n",
      "perturb layer layer2.1.conv1 layer3.2.conv2\n",
      "perturb layer layer2.1.conv1 fc\n",
      "perturb layer layer2.1.conv2\n",
      "perturb layer layer2.1.conv2 layer2.2.conv1\n",
      "perturb layer layer2.1.conv2 layer2.2.conv2\n",
      "perturb layer layer2.1.conv2 layer3.0.conv1\n",
      "perturb layer layer2.1.conv2 layer3.0.conv2\n",
      "perturb layer layer2.1.conv2 layer3.0.downsample.0\n"
     ]
    },
    {
     "name": "stdout",
     "output_type": "stream",
     "text": [
      "perturb layer layer2.1.conv2 layer3.1.conv1\n",
      "perturb layer layer2.1.conv2 layer3.1.conv2\n",
      "perturb layer layer2.1.conv2 layer3.2.conv1\n",
      "perturb layer layer2.1.conv2 layer3.2.conv2\n",
      "perturb layer layer2.1.conv2 fc\n",
      "perturb layer layer2.2.conv1\n",
      "perturb layer layer2.2.conv1 layer2.2.conv2\n",
      "perturb layer layer2.2.conv1 layer3.0.conv1\n",
      "perturb layer layer2.2.conv1 layer3.0.conv2\n",
      "perturb layer layer2.2.conv1 layer3.0.downsample.0\n",
      "perturb layer layer2.2.conv1 layer3.1.conv1\n",
      "perturb layer layer2.2.conv1 layer3.1.conv2\n",
      "perturb layer layer2.2.conv1 layer3.2.conv1\n",
      "perturb layer layer2.2.conv1 layer3.2.conv2\n",
      "perturb layer layer2.2.conv1 fc\n",
      "perturb layer layer2.2.conv2\n",
      "perturb layer layer2.2.conv2 layer3.0.conv1\n",
      "perturb layer layer2.2.conv2 layer3.0.conv2\n",
      "perturb layer layer2.2.conv2 layer3.0.downsample.0\n",
      "perturb layer layer2.2.conv2 layer3.1.conv1\n",
      "perturb layer layer2.2.conv2 layer3.1.conv2\n",
      "perturb layer layer2.2.conv2 layer3.2.conv1\n",
      "perturb layer layer2.2.conv2 layer3.2.conv2\n",
      "perturb layer layer2.2.conv2 fc\n",
      "perturb layer layer3.0.conv1\n",
      "perturb layer layer3.0.conv1 layer3.0.conv2\n",
      "perturb layer layer3.0.conv1 layer3.0.downsample.0\n",
      "perturb layer layer3.0.conv1 layer3.1.conv1\n",
      "perturb layer layer3.0.conv1 layer3.1.conv2\n",
      "perturb layer layer3.0.conv1 layer3.2.conv1\n",
      "perturb layer layer3.0.conv1 layer3.2.conv2\n",
      "perturb layer layer3.0.conv1 fc\n",
      "perturb layer layer3.0.conv2\n",
      "perturb layer layer3.0.conv2 layer3.0.downsample.0\n",
      "perturb layer layer3.0.conv2 layer3.1.conv1\n",
      "perturb layer layer3.0.conv2 layer3.1.conv2\n",
      "perturb layer layer3.0.conv2 layer3.2.conv1\n",
      "perturb layer layer3.0.conv2 layer3.2.conv2\n",
      "perturb layer layer3.0.conv2 fc\n",
      "perturb layer layer3.0.downsample.0\n",
      "perturb layer layer3.0.downsample.0 layer3.1.conv1\n",
      "perturb layer layer3.0.downsample.0 layer3.1.conv2\n",
      "perturb layer layer3.0.downsample.0 layer3.2.conv1\n",
      "perturb layer layer3.0.downsample.0 layer3.2.conv2\n",
      "perturb layer layer3.0.downsample.0 fc\n",
      "perturb layer layer3.1.conv1\n",
      "perturb layer layer3.1.conv1 layer3.1.conv2\n",
      "perturb layer layer3.1.conv1 layer3.2.conv1\n",
      "perturb layer layer3.1.conv1 layer3.2.conv2\n",
      "perturb layer layer3.1.conv1 fc\n",
      "perturb layer layer3.1.conv2\n",
      "perturb layer layer3.1.conv2 layer3.2.conv1\n",
      "perturb layer layer3.1.conv2 layer3.2.conv2\n",
      "perturb layer layer3.1.conv2 fc\n",
      "perturb layer layer3.2.conv1\n",
      "perturb layer layer3.2.conv1 layer3.2.conv2\n",
      "perturb layer layer3.2.conv1 fc\n",
      "perturb layer layer3.2.conv2\n",
      "perturb layer layer3.2.conv2 fc\n",
      "perturb layer fc\n",
      "165.34 seconds elapsed\n"
     ]
    }
   ],
   "source": [
    "import time\n",
    "s_time = time.time()\n",
    "cached = {}\n",
    "for n in layers_to_quant:\n",
    "    for m in layers_to_quant:\n",
    "        if n == m:\n",
    "            print('perturb layer',n)\n",
    "            p = perturb_loss([n,],ref_metric)\n",
    "            cached[(n,n)] = p\n",
    "        if (n,m) not in cached:\n",
    "            print('perturb layer',n,m)\n",
    "            p = perturb_loss([n,m],ref_metric)\n",
    "            cached[(n,m)] = p\n",
    "            cached[(m,n)] = p   \n",
    "print(f'{time.time()-s_time:.2f} seconds elapsed')"
   ]
  },
  {
   "cell_type": "code",
   "execution_count": 15,
   "id": "c2b8358b",
   "metadata": {},
   "outputs": [],
   "source": [
    "layer_index = {}\n",
    "cnt = 0\n",
    "for layer in layers_to_quant:\n",
    "    layer_index[layer] = cnt\n",
    "    cnt += 1\n",
    "L = cnt"
   ]
  },
  {
   "cell_type": "code",
   "execution_count": 16,
   "id": "32fcfaea",
   "metadata": {},
   "outputs": [],
   "source": [
    "import numpy as np\n",
    "hm = np.zeros(shape=(L,L))\n",
    "for n in layers_to_quant:\n",
    "    for m in layers_to_quant:\n",
    "        hm[layer_index[n],layer_index[m]] = cached[(n,m)]"
   ]
  },
  {
   "cell_type": "code",
   "execution_count": 17,
   "id": "2e39fb59",
   "metadata": {},
   "outputs": [],
   "source": [
    "cached_grad = np.zeros_like(hm)"
   ]
  },
  {
   "cell_type": "code",
   "execution_count": 18,
   "id": "f8c82c26",
   "metadata": {},
   "outputs": [],
   "source": [
    "for i in range(L):\n",
    "    for j in range(L):\n",
    "        if i == j:\n",
    "            cached_grad[i,j] = 0.5 * hm[i,j]\n",
    "        else:\n",
    "            cached_grad[i,j] = 0.5 * (hm[i,j] - hm[i,i] - hm[j,j])"
   ]
  },
  {
   "cell_type": "code",
   "execution_count": 19,
   "id": "67c2133f",
   "metadata": {},
   "outputs": [
    {
     "data": {
      "text/plain": [
       "array([[ 4.16934490e-05,  1.09550357e-04,  8.70123506e-05,\n",
       "         3.60045582e-05,  2.94178724e-05,  5.62150031e-05,\n",
       "         1.14321709e-05,  5.31995669e-05,  1.00730173e-04,\n",
       "        -1.15052424e-04, -5.61973080e-05, -2.28986144e-05,\n",
       "        -4.89939004e-05, -7.98352063e-05, -1.83467939e-04,\n",
       "        -8.35511833e-05, -1.54895708e-05, -5.28531149e-05,\n",
       "        -3.75006348e-06,  9.78056341e-06, -1.59651041e-05,\n",
       "        -6.42966479e-06],\n",
       "       [ 1.09550357e-04,  4.24776003e-03,  2.11605299e-03,\n",
       "         8.57040286e-05,  2.76977569e-04,  1.22486930e-03,\n",
       "         6.45171106e-04,  6.93453476e-05,  9.52508673e-04,\n",
       "        -1.23043340e-03, -3.70357744e-04, -1.61342323e-06,\n",
       "        -1.03405975e-03,  8.21219757e-05, -8.22045840e-04,\n",
       "        -5.20916656e-04, -3.37938778e-04,  1.64996982e-03,\n",
       "         5.48519194e-04,  4.76930290e-06, -1.64005905e-06,\n",
       "        -2.71238387e-06],\n",
       "       [ 8.70123506e-05,  2.11605299e-03,  5.51590435e-03,\n",
       "         1.45617537e-03,  1.94935873e-04,  1.03757270e-03,\n",
       "         1.60365812e-03,  1.32710841e-03,  2.31629238e-04,\n",
       "        -3.08083557e-04, -3.34854238e-04, -3.94269824e-05,\n",
       "        -4.28263843e-04,  2.70244665e-04, -1.22014973e-03,\n",
       "        -3.13362479e-04, -2.06332654e-04,  4.83503565e-04,\n",
       "        -2.43012235e-04, -7.90155306e-04,  1.80218741e-04,\n",
       "        -2.47128308e-05],\n",
       "       [ 3.60045582e-05,  8.57040286e-05,  1.45617537e-03,\n",
       "         8.20654258e-04, -2.05455348e-05, -3.16785648e-05,\n",
       "         2.10324489e-04, -5.67413680e-04,  4.56992164e-04,\n",
       "         1.89477764e-04,  3.18010524e-04, -1.85687654e-04,\n",
       "         3.14905681e-04,  1.60139613e-04, -3.54288146e-05,\n",
       "         7.35272840e-04,  1.43114664e-04, -5.42155281e-04,\n",
       "        -1.97028741e-05, -3.33044492e-04, -1.81429088e-05,\n",
       "        -2.87836418e-05],\n",
       "       [ 2.94178724e-05,  2.76977569e-04,  1.94935873e-04,\n",
       "        -2.05455348e-05, -5.55411726e-04,  3.30696627e-04,\n",
       "         1.64924935e-04, -4.92549688e-04,  7.92239606e-04,\n",
       "         7.74478912e-04,  2.14116834e-04,  3.30281630e-04,\n",
       "         2.56457180e-04,  3.12733464e-04,  8.69662501e-04,\n",
       "         1.01936366e-03,  4.22256067e-05,  3.95900942e-04,\n",
       "         4.09573689e-04, -1.83015130e-04,  8.63537192e-05,\n",
       "         4.25307080e-05],\n",
       "       [ 5.62150031e-05,  1.22486930e-03,  1.03757270e-03,\n",
       "        -3.16785648e-05,  3.30696627e-04, -3.06192786e-05,\n",
       "         1.12633761e-03,  1.34553518e-03, -4.32566553e-04,\n",
       "        -2.40720436e-04,  6.34800643e-05,  7.86341913e-04,\n",
       "        -1.92308091e-03, -9.58995707e-04, -6.27957471e-04,\n",
       "        -1.24724768e-03, -5.24869189e-04,  1.77748539e-03,\n",
       "        -1.52538531e-04,  6.92149438e-04,  1.50677189e-04,\n",
       "         8.74008983e-06],\n",
       "       [ 1.14321709e-05,  6.45171106e-04,  1.60365812e-03,\n",
       "         2.10324489e-04,  1.64924935e-04,  1.12633761e-03,\n",
       "         1.14211403e-03,  8.20084289e-04, -1.73474122e-03,\n",
       "         1.22504123e-04, -4.14247438e-04,  1.24448724e-04,\n",
       "        -1.17511116e-03, -6.38428517e-04, -8.20004381e-04,\n",
       "         2.07815319e-06, -1.20810792e-04,  3.13867070e-04,\n",
       "         3.19182314e-04,  5.00100292e-04,  1.50643103e-04,\n",
       "        -4.67095524e-05],\n",
       "       [ 5.31995669e-05,  6.93453476e-05,  1.32710841e-03,\n",
       "        -5.67413680e-04, -4.92549688e-04,  1.34553518e-03,\n",
       "         8.20084289e-04,  9.20157898e-03, -1.81178264e-03,\n",
       "        -2.28831507e-03, -1.51944719e-04,  1.39671788e-03,\n",
       "        -1.72820613e-03, -8.48380849e-05, -1.31040756e-03,\n",
       "        -1.87225491e-03, -1.39961317e-03,  4.28309049e-03,\n",
       "        -8.99399258e-04,  7.65483826e-04,  2.89619900e-04,\n",
       "         3.02070752e-05],\n",
       "       [ 1.00730173e-04,  9.52508673e-04,  2.31629238e-04,\n",
       "         4.56992164e-04,  7.92239606e-04, -4.32566553e-04,\n",
       "        -1.73474122e-03, -1.81178264e-03,  2.89463121e-03,\n",
       "         2.62765959e-04,  2.38050874e-03,  3.63671593e-04,\n",
       "         3.52031272e-03,  7.22477399e-04,  2.51271129e-03,\n",
       "         2.51281783e-03,  4.62939776e-04, -7.04127736e-04,\n",
       "         4.81990911e-04, -1.31327733e-03, -6.46009110e-04,\n",
       "         3.36542726e-06],\n",
       "       [-1.15052424e-04, -1.23043340e-03, -3.08083557e-04,\n",
       "         1.89477764e-04,  7.74478912e-04, -2.40720436e-04,\n",
       "         1.22504123e-04, -2.28831507e-03,  2.62765959e-04,\n",
       "         8.37235339e-04,  5.79477288e-04,  1.82042271e-04,\n",
       "         6.44018501e-04,  7.46961683e-05,  7.73596019e-04,\n",
       "         9.90165584e-04,  3.23838554e-04, -1.47112515e-03,\n",
       "         1.96939334e-04, -5.13954833e-04, -5.88614494e-05,\n",
       "        -1.49160624e-06],\n",
       "       [-5.61973080e-05, -3.70357744e-04, -3.34854238e-04,\n",
       "         3.18010524e-04,  2.14116834e-04,  6.34800643e-05,\n",
       "        -4.14247438e-04, -1.51944719e-04,  2.38050874e-03,\n",
       "         5.79477288e-04,  1.13561042e-03,  1.06125139e-04,\n",
       "         1.58454664e-03, -1.34174153e-04,  7.78683461e-04,\n",
       "         1.13246851e-03,  1.45336427e-04, -6.61463849e-04,\n",
       "         7.93647021e-05,  1.57084316e-05, -2.67543271e-04,\n",
       "        -4.08774242e-05],\n",
       "       [-2.28986144e-05, -1.61342323e-06, -3.94269824e-05,\n",
       "        -1.85687654e-04,  3.30281630e-04,  7.86341913e-04,\n",
       "         1.24448724e-04,  1.39671788e-03,  3.63671593e-04,\n",
       "         1.82042271e-04,  1.06125139e-04,  9.19270702e-04,\n",
       "        -7.71416351e-05,  1.61110237e-04,  9.84104350e-04,\n",
       "        -1.90768205e-04, -3.14518809e-04,  1.13748740e-03,\n",
       "         2.97873840e-04,  4.68585268e-04,  2.03644857e-05,\n",
       "         2.18397006e-05],\n",
       "       [-4.89939004e-05, -1.03405975e-03, -4.28263843e-04,\n",
       "         3.14905681e-04,  2.56457180e-04, -1.92308091e-03,\n",
       "        -1.17511116e-03, -1.72820613e-03,  3.52031272e-03,\n",
       "         6.44018501e-04,  1.58454664e-03, -7.71416351e-05,\n",
       "         3.01676486e-03,  1.22897457e-03,  9.98173282e-04,\n",
       "         1.85708962e-03,  6.75582886e-04, -1.79464389e-03,\n",
       "        -4.55989689e-04, -1.75008401e-03, -3.27225775e-04,\n",
       "        -1.14105642e-05],\n",
       "       [-7.98352063e-05,  8.21219757e-05,  2.70244665e-04,\n",
       "         1.60139613e-04,  3.12733464e-04, -9.58995707e-04,\n",
       "        -6.38428517e-04, -8.48380849e-05,  7.22477399e-04,\n",
       "         7.46961683e-05, -1.34174153e-04,  1.61110237e-04,\n",
       "         1.22897457e-03,  1.60429962e-03,  7.32128508e-04,\n",
       "         8.50991160e-04, -2.85129994e-05,  2.04319507e-04,\n",
       "         1.71399862e-04, -9.55566391e-04,  2.04589777e-04,\n",
       "         2.13932246e-05],\n",
       "       [-1.83467939e-04, -8.22045840e-04, -1.22014973e-03,\n",
       "        -3.54288146e-05,  8.69662501e-04, -6.27957471e-04,\n",
       "        -8.20004381e-04, -1.31040756e-03,  2.51271129e-03,\n",
       "         7.73596019e-04,  7.78683461e-04,  9.84104350e-04,\n",
       "         9.98173282e-04,  7.32128508e-04,  1.74608119e-03,\n",
       "         1.25793479e-03,  2.11806595e-04,  2.45693978e-03,\n",
       "         1.15237609e-03,  5.75185753e-04,  1.01447292e-04,\n",
       "         1.05980411e-04],\n",
       "       [-8.35511833e-05, -5.20916656e-04, -3.13362479e-04,\n",
       "         7.35272840e-04,  1.01936366e-03, -1.24724768e-03,\n",
       "         2.07815319e-06, -1.87225491e-03,  2.51281783e-03,\n",
       "         9.90165584e-04,  1.13246851e-03, -1.90768205e-04,\n",
       "         1.85708962e-03,  8.50991160e-04,  1.25793479e-03,\n",
       "         3.62810697e-03,  6.18250482e-04, -1.20403394e-03,\n",
       "         1.02446843e-03, -5.57783619e-04, -1.89397112e-04,\n",
       "        -2.31031328e-05],\n",
       "       [-1.54895708e-05, -3.37938778e-04, -2.06332654e-04,\n",
       "         1.43114664e-04,  4.22256067e-05, -5.24869189e-04,\n",
       "        -1.20810792e-04, -1.39961317e-03,  4.62939776e-04,\n",
       "         3.23838554e-04,  1.45336427e-04, -3.14518809e-04,\n",
       "         6.75582886e-04, -2.85129994e-05,  2.11806595e-04,\n",
       "         6.18250482e-04,  3.90915200e-05, -9.65348445e-04,\n",
       "        -4.75160778e-06, -1.75748952e-04, -2.28300877e-04,\n",
       "        -1.32670626e-05],\n",
       "       [-5.28531149e-05,  1.64996982e-03,  4.83503565e-04,\n",
       "        -5.42155281e-04,  3.95900942e-04,  1.77748539e-03,\n",
       "         3.13867070e-04,  4.28309049e-03, -7.04127736e-04,\n",
       "        -1.47112515e-03, -6.61463849e-04,  1.13748740e-03,\n",
       "        -1.79464389e-03,  2.04319507e-04,  2.45693978e-03,\n",
       "        -1.20403394e-03, -9.65348445e-04,  8.40002224e-03,\n",
       "         1.06840581e-03,  1.26054306e-03,  2.05523148e-04,\n",
       "         1.17347389e-04],\n",
       "       [-3.75006348e-06,  5.48519194e-04, -2.43012235e-04,\n",
       "        -1.97028741e-05,  4.09573689e-04, -1.52538531e-04,\n",
       "         3.19182314e-04, -8.99399258e-04,  4.81990911e-04,\n",
       "         1.96939334e-04,  7.93647021e-05,  2.97873840e-04,\n",
       "        -4.55989689e-04,  1.71399862e-04,  1.15237609e-03,\n",
       "         1.02446843e-03, -4.75160778e-06,  1.06840581e-03,\n",
       "        -4.30160761e-04,  9.19236615e-04,  1.20637752e-04,\n",
